image_width: 640
image_height: 480
camera_name: imx219__base_soc_i2c0mux_i2c_1_imx219_10_640x480_3280x2464_SBGGR10_CSI2P
camera_matrix:
  rows: 3
  cols: 3
  data: [448.22661854888543, 0, 310.4634164237695, 0, 454.60180900131832, 203.77006277125278, 0, 0, 1]
distortion_model: plumb_bob
distortion_coefficients:
  rows: 1
  cols: 5
  data: [0, 0, -0.0036074918885616752, -0.001821560277856008, 0.030086274261881887]
rectification_matrix:
  rows: 3
  cols: 3
  data: [1, 0, 0, 0, 1, 0, 0, 0, 1]
projection_matrix:
  rows: 3
  cols: 4
  data: [454.64536015750866, 0, 309.60472671549462, 0, 0, 460.99406615459418, 202.65750236484988, 0, 0, 0, 1, 0]
binning_x: 0
binning_y: 0
roi:
  x_offset: 0
  y_offset: 0
  height: 0
  width: 0
  do_rectify: false