image_width: 1920
image_height: 1080
camera_name: imx708_wide__base_axi_pcie_120000_rp1_i2c_80000_imx708_1a_1920x1080_4608x2592_BGGR_PISP_COMP1_RAW
camera_matrix:
  rows: 3
  cols: 3
  data: [779.99765974445256, 0, 965.36542565725222, 0, 781.28066861780917, 544.65888459032692, 0, 0, 1]
distortion_model: plumb_bob
distortion_coefficients:
  rows: 1
  cols: 5
  data: [0, 0, -0.00088191422032192252, 0.00071641031837443891, -0.01481387105267519]
rectification_matrix:
  rows: 3
  cols: 3
  data: [1, 0, 0, 0, 1, 0, 0, 0, 1]
projection_matrix:
  rows: 3
  cols: 4
  data: [779.99765974445256, 0, 965.36542565725222, 0, 0, 781.33320253519378, 544.62295507979422, 0, 0, 0, 1, 0]
binning_x: 0
binning_y: 0
roi:
  x_offset: 0
  y_offset: 0
  height: 0
  width: 0
  do_rectify: false