image_width: 640
image_height: 480
camera_name: lenovo_easycamera:_lenovo_easyc
camera_matrix:
  rows: 3
  cols: 3
  data: [682.49763893424745, 0, 307.3820732845931, 0, 681.18716790492579, 271.96608375426234, 0, 0, 1]
distortion_model: plumb_bob
distortion_coefficients:
  rows: 1
  cols: 5
  data: [0, 0, 0.0025341945779728909, -0.00078074953043479306, 0.097072134797220183]
rectification_matrix:
  rows: 3
  cols: 3
  data: [1, 0, 0, 0, 1, 0, 0, 0, 1]
projection_matrix:
  rows: 3
  cols: 4
  data: [685.46238463767656, 0, 307.13535642376416, 0, 0, 683.6300461452937, 272.68697160450921, 0, 0, 0, 1, 0]
binning_x: 0
binning_y: 0
roi:
  x_offset: 0
  y_offset: 0
  height: 0
  width: 0
  do_rectify: false