image_width: 640
image_height: 480
camera_name: usb_2.0_camera:_usb_2.0_camera
camera_matrix:
  rows: 3
  cols: 3
  data: [814.33516104914781, 0, 259.51647102314513, 0, 808.81422017834836, 314.77910782535628, 0, 0, 1]
distortion_model: plumb_bob
distortion_coefficients:
  rows: 1
  cols: 5
  data: [0, 0, 0.0067375902308763639, -0.020272253599338329, -0.50034977470646669]
rectification_matrix:
  rows: 3
  cols: 3
  data: [1, 0, 0, 0, 1, 0, 0, 0, 1]
projection_matrix:
  rows: 3
  cols: 4
  data: [804.14438428821882, 0, 250.52250695815127, 0, 0, 811.82336121436674, 317.18759932716438, 0, 0, 0, 1, 0]
binning_x: 0
binning_y: 0
roi:
  x_offset: 0
  y_offset: 0
  height: 0
  width: 0
  do_rectify: false